30 192
0 0 52509.722500
0 12 31767.064500
0 22 37766.211500
0 25 4965.680500
1 1 94384.128400
1 4 21861.775200
1 9 51969.335200
1 10 12334.883000
1 17 61235.090400
2 2 15886.081600
2 10 29813.501600
2 22 27556.125200
3 3 50647.502500
3 28 24971.548000
4 1 21861.775200
4 4 41395.917700
4 9 56670.663200
4 10 2857.074000
4 17 14183.611200
5 5 94273.561600
5 6 9171.284800
5 9 95412.680000
5 20 45819.579200
5 27 36445.648000
6 5 9171.284800
6 6 13661.216900
6 9 9282.102500
6 15 17640.430000
6 20 4457.500100
6 27 3545.569000
7 7 26056.416400
7 13 36030.558200
7 18 47237.948800
7 21 8610.142800
8 8 9.672100
8 21 71.094600
8 27 677.202500
9 1 51969.335200
9 4 56670.663200
9 5 95412.680000
9 6 9282.102500
9 9 241015.633800
9 10 6791.774000
9 14 16938.574200
9 17 33716.971200
9 20 46373.222500
9 21 39076.287900
9 25 14179.695900
9 27 36886.025000
10 1 12334.883000
10 2 29813.501600
10 4 2857.074000
10 9 6791.774000
10 10 59633.444100
10 17 15582.998000
10 22 51714.740200
10 27 11452.350000
11 11 4199.040000
11 19 4366.224000
11 21 5005.800000
11 29 16438.464000
12 0 31767.064500
12 12 34706.079400
12 22 22847.610300
12 25 3004.112100
12 29 19410.466500
13 7 36030.558200
13 13 71517.048200
13 17 11361.950600
13 18 110968.291200
13 21 11906.021400
13 27 10186.576400
14 9 16938.574200
14 14 98645.466400
14 16 58032.710000
14 20 83588.680000
14 21 10850.041800
14 25 3937.177800
15 6 17640.430000
15 15 29862.624200
15 24 13593.256200
16 14 58032.710000
16 16 36924.164000
16 20 51636.804800
16 23 8795.857400
16 28 8189.427400
17 1 61235.090400
17 4 14183.611200
17 9 33716.971200
17 10 15582.998000
17 13 11361.950600
17 17 142972.292000
17 18 23907.228800
17 24 53488.908000
17 27 47268.222400
18 7 47237.948800
18 13 110968.291200
18 17 23907.228800
18 18 246351.980100
18 21 15609.417600
18 22 62575.683200
18 27 21434.067200
19 11 4366.224000
19 19 43266.368500
19 20 14639.208100
19 21 5205.105000
19 24 23799.782600
19 26 51547.172600
19 29 17092.958400
20 5 45819.579200
20 6 4457.500100
20 9 46373.222500
20 14 83588.680000
20 16 51636.804800
20 19 14639.208100
20 20 207382.585900
20 21 97606.645500
20 22 56887.746500
20 24 8996.726600
20 26 19485.716600
20 27 31485.502000
21 7 8610.142800
21 8 71.094600
21 9 39076.287900
21 11 5005.800000
21 13 11906.021400
21 14 10850.041800
21 18 15609.417600
21 19 5205.105000
21 20 97606.645500
21 21 149513.942800
21 22 52780.112700
21 25 9082.836100
21 27 17755.252800
21 28 49465.714500
21 29 19596.780000
22 0 37766.211500
22 2 27556.125200
22 10 51714.740200
22 12 22847.610300
22 18 62575.683200
22 20 56887.746500
22 21 52780.112700
22 22 189203.419600
22 25 3571.432700
22 27 7447.059400
22 29 24062.077200
23 16 8795.857400
23 23 86317.111400
23 28 67036.883900
24 15 13593.256200
24 17 53488.908000
24 19 23799.782600
24 20 8996.726600
24 24 148379.854500
24 26 31679.023600
25 0 4965.680500
25 9 14179.695900
25 12 3004.112100
25 14 3937.177800
25 21 9082.836100
25 22 3571.432700
25 25 102430.589100
26 19 51547.172600
26 20 19485.716600
26 24 31679.023600
26 26 121964.324000
26 27 31540.319000
27 5 36445.648000
27 6 3545.569000
27 8 677.202500
27 9 36886.025000
27 10 11452.350000
27 13 10186.576400
27 17 47268.222400
27 18 21434.067200
27 20 31485.502000
27 21 17755.252800
27 22 7447.059400
27 26 31540.319000
27 27 218613.035100
28 3 24971.548000
28 16 8189.427400
28 21 49465.714500
28 23 67036.883900
28 28 177421.326600
29 11 16438.464000
29 12 19410.466500
29 19 17092.958400
29 21 19596.780000
29 22 24062.077200
29 29 170641.646600
