50 690
0 0 52509.722500
0 12 31767.064500
0 22 37766.211500
0 25 4965.680500
0 39 54375.003500
1 1 94384.128400
1 4 21861.775200
1 9 51969.335200
1 10 12334.883000
1 17 61235.090400
1 34 84476.283400
1 39 77348.779400
2 2 15886.081600
2 10 29813.501600
2 22 27556.125200
2 40 13437.124400
2 43 6555.340400
3 3 50647.502500
3 28 24971.548000
3 32 6425.177500
3 36 19570.348000
3 38 60713.989000
4 1 21861.775200
4 4 41395.917700
4 9 56670.663200
4 10 2857.074000
4 17 14183.611200
4 33 39949.949900
4 34 70576.007300
4 37 30207.872800
4 38 13266.456000
4 39 72125.437200
4 45 8428.774200
5 5 94273.561600
5 6 9171.284800
5 9 95412.680000
5 20 45819.579200
5 27 36445.648000
5 33 98249.729600
5 34 99981.435200
5 38 77008.702400
5 41 66418.892800
5 45 5686.380800
6 5 9171.284800
6 6 13661.216900
6 9 9282.102500
6 15 17640.430000
6 20 4457.500100
6 27 3545.569000
6 33 42809.481300
6 34 9726.568100
6 38 7491.694700
6 41 6461.478400
6 42 36591.660000
6 43 21859.850000
6 45 553.192400
7 7 26056.416400
7 13 36030.558200
7 18 47237.948800
7 21 8610.142800
7 33 41307.378000
8 8 9.672100
8 21 71.094600
8 27 677.202500
8 49 41.829500
9 1 51969.335200
9 4 56670.663200
9 5 95412.680000
9 6 9282.102500
9 9 241015.633800
9 10 6791.774000
9 14 16938.574200
9 17 33716.971200
9 20 46373.222500
9 21 39076.287900
9 25 14179.695900
9 27 36886.025000
9 33 148514.486900
9 34 210367.005300
9 37 37109.676800
9 38 94236.743500
9 39 109184.517200
9 40 59371.456200
9 41 67221.440000
9 45 16109.645200
9 49 33076.900800
10 1 12334.883000
10 2 29813.501600
10 4 2857.074000
10 9 6791.774000
10 10 59633.444100
10 17 15582.998000
10 22 51714.740200
10 27 11452.350000
10 30 11417.770000
10 33 2043.405000
10 34 11040.045500
10 39 10108.565500
10 40 25217.529400
10 43 12302.445400
11 11 4199.040000
11 19 4366.224000
11 21 5005.800000
11 29 16438.464000
11 36 10785.312000
11 42 3781.080000
12 0 31767.064500
12 12 34706.079400
12 22 22847.610300
12 25 3004.112100
12 29 19410.466500
12 38 29205.926000
12 39 32895.512700
12 41 28304.908000
12 42 26085.964500
12 44 10682.788000
12 45 13085.917500
12 47 25571.986000
13 7 36030.558200
13 13 71517.048200
13 17 11361.950600
13 18 110968.291200
13 21 11906.021400
13 27 10186.576400
13 31 5395.232700
13 33 57119.439000
13 36 21091.928000
14 9 16938.574200
14 14 98645.466400
14 16 58032.710000
14 20 83588.680000
14 21 10850.041800
14 25 3937.177800
14 40 16485.260400
14 49 9184.233600
15 6 17640.430000
15 15 29862.624200
15 24 13593.256200
15 33 45936.928600
15 42 50551.540200
15 43 30199.479500
16 14 58032.710000
16 16 36924.164000
16 20 51636.804800
16 23 8795.857400
16 28 8189.427400
16 39 7335.508400
17 1 61235.090400
17 4 14183.611200
17 9 33716.971200
17 10 15582.998000
17 13 11361.950600
17 17 142972.292000
17 18 23907.228800
17 24 53488.908000
17 27 47268.222400
17 30 41806.604000
17 31 2825.638200
17 33 7482.006000
17 34 54807.020400
17 36 11046.448000
17 39 50182.796400
17 49 67277.781000
18 7 47237.948800
18 13 110968.291200
18 17 23907.228800
18 18 246351.980100
18 21 15609.417600
18 22 62575.683200
18 27 21434.067200
18 31 64432.864200
18 33 74886.576000
18 34 3145.567300
18 36 101478.820600
18 45 16045.699000
18 47 60447.275900
19 11 4366.224000
19 19 43266.368500
19 20 14639.208100
19 21 5205.105000
19 24 23799.782600
19 26 51547.172600
19 29 17092.958400
19 36 11214.727200
19 39 44427.310400
19 41 49628.470100
19 42 3931.623000
19 46 32348.340200
19 48 24716.824000
20 5 45819.579200
20 6 4457.500100
20 9 46373.222500
20 14 83588.680000
20 16 51636.804800
20 19 14639.208100
20 20 207382.585900
20 21 97606.645500
20 22 56887.746500
20 24 8996.726600
20 26 19485.716600
20 27 31485.502000
20 33 47752.107700
20 34 48593.764900
20 38 37428.376300
20 39 16794.286400
20 41 51041.847700
20 45 87341.245600
20 46 12228.228200
20 48 9343.384000
21 7 8610.142800
21 8 71.094600
21 9 39076.287900
21 11 5005.800000
21 13 11906.021400
21 14 10850.041800
21 18 15609.417600
21 19 5205.105000
21 20 97606.645500
21 21 149513.942800
21 22 52780.112700
21 25 9082.836100
21 27 17755.252800
21 28 49465.714500
21 29 19596.780000
21 33 13649.706000
21 36 12857.490000
21 37 41357.069400
21 39 26960.343300
21 40 38030.519800
21 41 22350.129300
21 42 4507.537500
21 45 78470.506800
21 48 1426.971000
21 49 21494.950200
22 0 37766.211500
22 2 27556.125200
22 10 51714.740200
22 12 22847.610300
22 18 62575.683200
22 20 56887.746500
22 21 52780.112700
22 22 189203.419600
22 25 3571.432700
22 27 7447.059400
22 29 24062.077200
22 31 51366.739200
22 34 3044.009600
22 36 55254.803200
22 38 4404.516900
22 39 39107.764900
22 40 31369.212700
22 43 11370.946300
22 45 61262.344400
22 47 58495.676800
23 16 8795.857400
23 23 86317.111400
23 28 67036.883900
23 32 18554.125500
23 39 60046.887400
23 44 10055.386000
23 47 30275.039500
24 15 13593.256200
24 17 53488.908000
24 19 23799.782600
24 20 8996.726600
24 24 148379.854500
24 26 31679.023600
24 36 21883.839600
24 39 27303.414400
24 41 30499.858600
24 44 15626.110500
24 46 19880.117200
24 48 15190.064000
24 49 51750.569200
25 0 4965.680500
25 9 14179.695900
25 12 3004.112100
25 14 3937.177800
25 21 9082.836100
25 22 3571.432700
25 25 102430.589100
25 32 17235.215700
25 39 5142.074300
25 40 13800.215800
25 49 7688.347200
26 19 51547.172600
26 20 19485.716600
26 24 31679.023600
26 26 121964.324000
26 27 31540.319000
26 33 38728.416600
26 34 11045.463600
26 39 59135.574400
26 41 98733.079400
26 46 43057.697200
26 47 8578.597200
26 48 32899.664000
27 5 36445.648000
27 6 3545.569000
27 8 677.202500
27 9 36886.025000
27 10 11452.350000
27 13 10186.576400
27 17 47268.222400
27 18 21434.067200
27 20 31485.502000
27 21 17755.252800
27 22 7447.059400
27 26 31540.319000
27 27 218613.035100
27 30 63161.598000
27 31 22718.415500
27 33 72181.998500
27 34 45182.102000
27 36 9903.712000
27 38 29771.147000
27 41 44993.547000
27 45 13270.193600
27 47 5071.467000
27 49 2928.737500
28 3 24971.548000
28 16 8189.427400
28 21 49465.714500
28 23 67036.883900
28 28 177421.326600
28 32 7006.956800
28 36 9649.081600
28 37 83196.783000
28 38 29934.788800
28 39 110142.275900
28 41 44961.088500
28 48 2870.595000
29 11 16438.464000
29 12 19410.466500
29 19 17092.958400
29 21 19596.780000
29 22 24062.077200
29 29 170641.646600
29 36 42222.499200
29 38 41226.022400
29 40 8460.900800
29 41 35473.816800
29 42 47495.099700
29 44 13388.464800
29 45 16400.245500
29 47 32048.715600
30 10 11417.770000
30 17 41806.604000
30 27 63161.598000
30 30 116780.964500
30 33 11269.715400
30 43 60469.939600
31 13 5395.232700
31 17 2825.638200
31 18 64432.864200
31 22 51366.739200
31 27 22718.415500
31 31 50933.541500
31 34 2582.113800
31 36 52115.895600
31 45 13171.494000
31 47 49619.585400
32 3 6425.177500
32 23 18554.125500
32 25 17235.215700
32 28 7006.956800
32 32 44133.024300
32 36 2482.708000
32 38 7702.219000
32 43 30341.018000
32 44 13032.082800
32 47 39237.362100
32 48 32702.073400
33 4 39949.949900
33 5 98249.729600
33 6 42809.481300
33 7 41307.378000
33 9 148514.486900
33 10 2043.405000
33 13 57119.439000
33 15 45936.928600
33 17 7482.006000
33 18 74886.576000
33 20 47752.107700
33 21 13649.706000
33 26 38728.416600
33 27 72181.998500
33 30 11269.715400
33 33 363880.743700
33 34 168304.703000
33 35 50187.087300
33 37 33215.823200
33 38 94844.155900
33 39 59607.396000
33 40 17443.543100
33 41 127222.344900
33 42 95287.273200
33 43 56924.597000
33 45 15194.284600
33 47 6227.263800
34 1 84476.283400
34 4 70576.007300
34 5 99981.435200
34 6 9726.568100
34 9 210367.005300
34 10 11040.045500
34 17 54807.020400
34 18 3145.567300
34 20 48593.764900
34 22 3044.009600
34 26 11045.463600
34 27 45182.102000
34 31 2582.113800
34 33 168304.703000
34 34 300016.949600
34 36 2777.559800
34 37 57174.600400
34 38 100296.916300
34 39 145337.480900
34 41 77204.898800
34 43 52461.584000
34 45 18644.928800
34 47 4716.507500
35 33 50187.087300
35 35 114542.396200
35 40 24761.240700
35 41 48665.700300
35 48 32216.493800
36 3 19570.348000
36 11 10785.312000
36 13 21091.928000
36 17 11046.448000
36 18 101478.820600
36 19 11214.727200
36 21 12857.490000
36 22 55254.803200
36 24 21883.839600
36 27 9903.712000
36 28 9649.081600
36 29 42222.499200
36 31 52115.895600
36 32 2482.708000
36 34 2777.559800
36 36 159148.443700
36 38 23460.068800
36 42 9711.774000
36 44 5799.222000
36 45 14168.474000
36 47 53375.403400
37 4 30207.872800
37 9 37109.676800
37 21 41357.069400
37 28 83196.783000
37 33 33215.823200
37 34 57174.600400
37 37 102949.958500
37 38 28661.350000
37 39 90416.530200
37 41 37590.862200
37 42 7197.886200
37 43 17476.396000
37 45 13859.390600
37 48 2400.034000
38 3 60713.989000
38 4 13266.456000
38 5 77008.702400
38 6 7491.694700
38 9 94236.743500
38 12 29205.926000
38 20 37428.376300
38 22 4404.516900
38 27 29771.147000
38 28 29934.788800
38 29 41226.022400
38 32 7702.219000
38 33 94844.155900
38 34 100296.916300
38 36 23460.068800
38 37 28661.350000
38 38 289152.293100
38 39 22135.523600
38 40 1548.751600
38 41 110555.021300
38 42 86994.463800
38 44 20144.931200
38 45 68382.790200
38 47 48222.046400
38 49 1362.957200
39 0 54375.003500
39 1 77348.779400
39 4 72125.437200
39 9 109184.517200
39 10 10108.565500
39 12 32895.512700
39 16 7335.508400
39 17 50182.796400
39 19 44427.310400
39 20 16794.286400
39 21 26960.343300
39 22 39107.764900
39 23 60046.887400
39 24 27303.414400
39 25 5142.074300
39 26 59135.574400
39 28 110142.275900
39 33 59607.396000
39 34 145337.480900
39 37 90416.530200
39 38 22135.523600
39 39 390190.886400
39 41 148687.109700
39 45 29229.884400
39 46 37110.428800
39 48 29920.019000
39 49 31343.963200
40 2 13437.124400
40 9 59371.456200
40 10 25217.529400
40 14 16485.260400
40 21 38030.519800
40 22 31369.212700
40 25 13800.215800
40 29 8460.900800
40 33 17443.543100
40 35 24761.240700
40 38 1548.751600
40 40 180723.280600
40 41 72003.793700
40 43 5544.786100
40 44 96292.692000
40 47 6414.238800
40 49 32191.689600
41 5 66418.892800
41 6 6461.478400
41 9 67221.440000
41 12 28304.908000
41 19 49628.470100
41 20 51041.847700
41 21 22350.129300
41 24 30499.858600
41 26 98733.079400
41 27 44993.547000
41 28 44961.088500
41 29 35473.816800
41 33 127222.344900
41 34 77204.898800
41 35 48665.700300
41 37 37590.862200
41 38 110555.021300
41 39 148687.109700
41 40 72003.793700
41 41 350142.740200
41 42 47847.709900
41 44 74360.799100
41 45 27921.562400
41 46 43348.864700
41 47 55516.999900
41 48 32972.087000
41 49 43043.218800
42 6 36591.660000
42 11 3781.080000
42 12 26085.964500
42 15 50551.540200
42 19 3931.623000
42 21 4507.537500
42 29 47495.099700
42 33 95287.273200
42 36 9711.774000
42 37 7197.886200
42 38 86994.463800
42 41 47847.709900
42 42 173352.578000
42 43 62642.979000
42 44 20116.989900
42 45 36730.689000
42 46 2160.701500
42 47 43070.662800
42 49 4444.549600
43 2 6555.340400
43 6 21859.850000
43 10 12302.445400
43 15 30199.479500
43 22 11370.946300
43 30 60469.939600
43 32 30341.018000
43 33 56924.597000
43 34 52461.584000
43 37 17476.396000
43 40 5544.786100
43 42 62642.979000
43 43 259300.338600
43 48 85287.347000
44 12 10682.788000
44 23 10055.386000
44 24 15626.110500
44 29 13388.464800
44 32 13032.082800
44 36 5799.222000
44 38 20144.931200
44 40 96292.692000
44 41 74360.799100
44 42 20116.989900
44 44 150183.066600
44 45 9026.076000
44 46 23117.512500
44 47 45071.205400
44 49 47552.580000
45 4 8428.774200
45 5 5686.380800
45 6 553.192400
45 9 16109.645200
45 12 13085.917500
45 18 16045.699000
45 20 87341.245600
45 21 78470.506800
45 22 61262.344400
45 27 13270.193600
45 29 16400.245500
45 31 13171.494000
45 33 15194.284600
45 34 18644.928800
45 36 14168.474000
45 37 13859.390600
45 38 68382.790200
45 39 29229.884400
45 41 27921.562400
45 42 36730.689000
45 44 9026.076000
45 45 215359.619800
45 47 36605.723000
46 19 32348.340200
46 20 12228.228200
46 24 19880.117200
46 26 43057.697200
46 39 37110.428800
46 41 43348.864700
46 42 2160.701500
46 44 23117.512500
46 46 98668.979000
46 48 20646.128000
46 49 48372.724000
47 12 25571.986000
47 18 60447.275900
47 22 58495.676800
47 23 30275.039500
47 26 8578.597200
47 27 5071.467000
47 29 32048.715600
47 31 49619.585400
47 32 39237.362100
47 33 6227.263800
47 34 4716.507500
47 36 53375.403400
47 38 48222.046400
47 40 6414.238800
47 41 55516.999900
47 42 43070.662800
47 44 45071.205400
47 45 36605.723000
47 47 206150.348300
48 19 24716.824000
48 20 9343.384000
48 21 1426.971000
48 24 15190.064000
48 26 32899.664000
48 28 2870.595000
48 32 32702.073400
48 35 32216.493800
48 37 2400.034000
48 39 29920.019000
48 41 32972.087000
48 43 85287.347000
48 46 20646.128000
48 48 141267.581000
49 8 41.829500
49 9 33076.900800
49 14 9184.233600
49 17 67277.781000
49 21 21494.950200
49 24 51750.569200
49 25 7688.347200
49 27 2928.737500
49 38 1362.957200
49 39 31343.963200
49 40 32191.689600
49 41 43043.218800
49 42 4444.549600
49 44 47552.580000
49 46 48372.724000
49 49 298430.869900
