90 2784
0 0 5192.643600
0 7 14113.671600
0 11 16915.364400
0 22 15291.132000
0 35 6162.571200
0 41 23234.305800
0 44 1676.836200
0 49 4496.544000
0 55 12637.162200
0 66 2550.203400
0 74 21140.242200
0 81 11567.071200
0 89 865.440600
1 1 65060.704900
1 3 1680.911300
1 11 1941.082700
1 17 68871.450700
1 21 71184.935600
1 40 35885.798300
1 47 71610.902500
1 79 20071.458300
1 81 44430.643300
2 2 27868.963600
2 5 27538.422400
2 6 10281.834600
2 7 54689.544000
2 28 37434.625600
2 33 39032.241400
2 41 51268.943400
2 42 46646.374800
2 44 2140.170800
2 55 3667.671800
2 63 52510.977000
2 67 7138.354400
3 1 1680.911300
3 3 3243.593000
3 8 14999.535500
3 11 50.149900
3 16 13342.034500
3 17 1779.365900
3 21 4062.338200
3 40 927.147100
3 47 1850.142500
3 48 12492.353100
3 49 5275.718200
3 52 9842.048600
3 55 12203.846100
3 65 3387.977300
3 73 9482.263400
3 79 518.567100
3 81 1147.912100
3 84 3761.905000
3 88 6456.334100
4 4 65188.302400
4 13 53972.094800
4 15 50303.146400
4 22 57712.532800
4 23 1136.174000
4 31 3852.778800
4 50 35849.481200
4 68 53926.137200
4 82 6068.956400
5 2 27538.422400
5 5 43519.091600
5 6 10159.886400
5 7 54040.896000
5 22 13035.616000
5 28 36990.630400
5 33 38569.297600
5 37 773.862000
5 39 3538.567000
5 41 50660.865600
5 42 46093.123200
5 44 2114.787200
5 55 20415.444200
5 60 36712.473000
5 63 51888.168000
5 67 7053.689600
5 70 30415.586000
5 74 28539.673000
5 77 18261.100000
6 2 10281.834600
6 5 10159.886400
6 6 73041.250600
6 7 20176.884000
6 27 11952.273000
6 28 13810.941600
6 31 59211.381500
6 33 14400.357900
6 35 49387.992000
6 41 18914.904900
6 42 17209.477800
6 44 789.583800
6 47 3449.896500
6 55 1353.132300
6 58 11162.823000
6 59 35675.245500
6 63 19373.134500
6 67 2633.588400
6 72 27986.002500
6 73 72832.025500
6 84 67861.122000
6 89 68811.093500
7 0 14113.671600
7 2 54689.544000
7 5 54040.896000
7 6 20176.884000
7 7 197762.703700
7 11 45976.176400
7 16 29356.934400
7 22 41561.492000
7 28 73461.024000
7 32 41383.601400
7 33 76596.156000
7 34 64133.856300
7 35 16749.947200
7 37 34194.986400
7 38 31828.448700
7 41 163760.375800
7 42 155448.202500
7 44 8757.494200
7 49 12221.664000
7 52 24420.752100
7 55 41545.340200
7 61 22588.225800
7 63 103046.580000
7 66 6931.485400
7 67 14008.176000
7 69 15990.674700
7 74 98900.102100
7 75 545.421900
7 81 31439.447200
7 89 2352.278600
8 3 14999.535500
8 8 83781.410600
8 10 10426.042900
8 12 33839.074100
8 16 62535.627500
8 21 10420.395000
8 41 11501.036300
8 48 58553.074500
8 49 39775.474800
8 52 46130.797000
8 55 57200.809500
8 65 15879.833500
8 73 44444.443000
8 78 18889.003900
8 84 17632.475000
8 88 30261.569500
9 9 84715.923600
9 16 14785.848000
9 29 26681.470200
9 52 71478.514800
9 62 68847.332400
9 75 77942.957400
9 88 52958.367000
10 8 10426.042900
10 10 39003.128200
10 11 1368.424200
10 12 26178.716900
10 25 2263.704300
10 33 21372.393900
10 36 17757.854400
10 37 38333.466600
10 41 8897.476700
10 49 11641.172200
10 63 5021.659500
10 67 15274.287600
10 76 39281.513700
10 78 14612.985100
11 0 16915.364400
11 1 1941.082700
11 3 50.149900
11 7 45976.176400
11 10 1368.424200
11 11 112811.708500
11 17 13074.657700
11 21 2123.798800
11 22 49811.828000
11 25 100.128600
11 28 66906.424000
11 30 12154.987000
11 33 945.347800
11 34 19577.568400
11 35 22090.796800
11 36 785.468800
11 37 1695.573200
11 40 1070.650900
11 41 75687.218200
11 44 5462.399800
11 47 2136.507500
11 49 60690.338800
11 55 41166.353800
11 59 48024.797600
11 61 24278.776600
11 63 222.119000
11 66 8307.448600
11 67 675.615200
11 74 68865.673800
11 76 1737.507400
11 79 598.830900
11 81 99687.393500
11 89 2819.227400
12 8 33839.074100
12 10 26178.716900
12 12 170119.496200
12 15 87741.430800
12 23 34293.511200
12 31 56757.045000
12 41 28877.914300
12 49 37782.933800
12 54 20012.329800
12 59 46164.342000
12 70 76293.724500
12 78 47428.337900
13 4 53972.094800
13 13 45776.052500
13 15 41854.432800
13 22 47782.595600
13 23 940.685500
13 25 4096.461200
13 31 3189.875100
13 50 29681.269900
13 52 10295.966200
13 55 4425.670600
13 68 45755.502900
13 82 5024.740300
14 14 139.004100
14 15 703.980900
14 19 55.530900
14 30 2115.715500
14 35 2347.389000
14 52 741.355200
14 57 2327.463900
14 65 2542.749300
14 67 1431.306000
15 4 50303.146400
15 12 87741.430800
15 13 41854.432800
15 14 703.980900
15 15 224723.549000
15 19 281.234100
15 22 44534.400800
15 23 36212.652600
15 25 775.375000
15 30 10714.959500
15 31 61455.291800
15 35 23134.755000
15 36 40108.453400
15 42 49366.349000
15 43 38738.260600
15 50 27663.578200
15 52 5703.377300
15 54 20620.634400
15 55 837.687500
15 56 77831.195000
15 57 11787.351100
15 59 47567.576000
15 65 12877.655700
15 66 63771.561800
15 67 7248.794000
15 68 41822.281700
15 70 78612.786000
15 71 1127.680800
15 73 49023.800800
15 77 64299.025400
15 82 4683.165400
16 3 13342.034500
16 7 29356.934400
16 8 62535.627500
16 9 14785.848000
16 16 156853.553000
16 21 9268.905000
16 29 4656.836000
16 32 23327.577600
16 34 36151.699200
16 37 19275.417600
16 38 17941.420800
16 42 122572.018500
16 48 52082.755500
16 49 21995.371000
16 52 127408.464500
16 55 50879.920500
16 61 12732.787200
16 62 12016.232000
16 63 53844.717600
16 65 14125.056500
16 69 9013.804800
16 70 27601.434900
16 73 39533.177000
16 74 23359.737600
16 75 17352.406900
16 78 86047.824300
16 79 31996.805100
16 81 29773.332300
16 84 15684.025000
16 88 36160.620500
17 1 68871.450700
17 3 1779.365900
17 11 13074.657700
17 17 86619.799400
17 18 20453.617800
17 21 75354.390800
17 23 26547.903900
17 28 12802.496000
17 30 2325.848000
17 34 3746.153600
17 35 385.728000
17 36 9703.241100
17 37 17250.804900
17 40 37987.706900
17 47 75805.307500
17 48 6539.211000
17 49 8810.211200
17 51 13103.199900
17 59 9189.510400
17 61 4645.726400
17 67 33880.007700
17 79 21247.086900
17 81 58644.373100
17 84 6599.539800
18 17 20453.617800
18 18 43372.467700
18 21 20859.138900
18 23 46787.199800
18 26 12323.248200
18 34 2237.322600
18 36 17100.690200
18 37 30402.281800
18 43 1495.257300
18 47 26392.532400
18 48 11524.502000
18 51 23092.671800
18 55 22447.689300
18 59 22226.867100
18 67 59709.071400
18 77 4169.088900
18 84 11630.823600
19 14 55.530900
19 15 281.234100
19 19 11606.401000
19 30 845.209500
19 35 937.761000
19 37 29023.505800
19 39 18642.592300
19 40 5742.060500
19 51 13137.317800
19 52 296.164800
19 57 31313.750100
19 65 1015.805700
19 67 571.794000
19 89 12389.289300
20 20 576.960400
20 22 6526.474200
20 34 3456.958400
20 40 1914.634200
20 41 899.308800
20 47 2265.806600
20 77 5258.698600
20 85 678.084600
20 87 1945.379800
21 1 71184.935600
21 3 4062.338200
21 8 10420.395000
21 11 2123.798800
21 16 9268.905000
21 17 75354.390800
21 18 20859.138900
21 21 140695.263000
21 26 35089.365800
21 27 5329.697500
21 30 12213.367500
21 34 6370.579400
21 40 39263.765200
21 43 4257.613700
21 47 153502.125600
21 48 8678.619000
21 49 3665.118000
21 52 6837.414000
21 53 13130.267500
21 55 72396.010700
21 59 63289.049900
21 63 3440.105000
21 65 2353.677000
21 67 9757.632500
21 73 6587.466000
21 77 11871.114100
21 79 21960.805200
21 81 48612.945200
21 84 2613.450000
21 88 4485.309000
22 0 15291.132000
22 4 57712.532800
22 5 13035.616000
22 7 41561.492000
22 11 49811.828000
22 13 47782.595600
22 15 44534.400800
22 20 6526.474200
22 22 231839.569000
22 23 44623.904200
22 31 55271.156900
22 34 39104.503200
22 35 18147.344000
22 36 71155.506800
22 37 37804.866500
22 39 2828.636800
22 40 29419.226800
22 41 78592.468400
22 44 4937.894000
22 47 25630.404300
22 49 74482.567800
22 50 31738.276400
22 55 66147.115100
22 59 23859.917900
22 60 29346.979200
22 62 12309.966200
22 66 7509.758000
22 67 56973.863100
22 68 47741.908400
22 70 24313.414400
22 74 85066.973200
22 75 12691.107800
22 76 27877.785600
22 77 111709.299800
22 81 34062.344000
22 82 5372.970800
22 85 7670.373300
22 87 22005.792900
22 89 2548.522000
23 4 1136.174000
23 12 34293.511200
23 13 940.685500
23 15 36212.652600
23 17 26547.903900
23 18 46787.199800
23 22 44623.904200
23 23 196821.449000
23 31 66873.503900
23 33 12395.026400
23 36 82496.376500
23 37 131196.944500
23 38 49711.532600
23 40 6577.214600
23 48 14958.301000
23 49 51898.664400
23 50 30026.504700
23 51 29973.280900
23 54 8059.521600
23 55 13144.816200
23 59 38811.648200
23 62 10432.027600
23 67 125782.024500
23 68 939.884500
23 70 30725.604000
23 73 5373.904000
23 74 78759.820200
23 75 10755.024400
23 76 23624.908800
23 77 31886.321000
23 79 49422.393200
23 82 105.776500
23 84 15096.301800
23 89 78575.822400
24 24 5459.732100
24 27 15047.698500
24 53 23517.709200
24 79 2669.645700
24 81 7085.312100
24 86 14674.554000
24 88 9998.794800
25 10 2263.704300
25 11 100.128600
25 13 4096.461200
25 15 775.375000
25 25 97644.500600
25 27 51961.453600
25 30 36246.380100
25 31 6271.703900
25 33 1563.833700
25 35 64384.527200
25 36 1299.355200
25 37 2804.887800
25 46 83526.260300
25 52 38683.148600
25 53 92035.607300
25 55 16627.761800
25 62 43821.704500
25 63 367.438500
25 67 1117.630800
25 68 4162.213000
25 76 2874.257100
25 78 60863.319300
26 18 12323.248200
26 21 35089.365800
26 26 29762.842000
26 33 5812.646400
26 34 3763.637200
26 36 7508.160000
26 40 2695.334400
26 43 2515.330600
26 47 44397.672800
26 55 37761.634600
26 59 62720.227000
26 66 10787.990400
26 75 2811.283200
26 77 7013.265800
26 86 489.456000
27 6 11952.273000
27 21 5329.697500
27 24 15047.698500
27 25 51961.453600
27 27 113618.137000
27 28 5113.279800
27 30 57742.773300
27 31 14189.924600
27 32 39722.485200
27 35 49279.644800
27 46 52871.880800
27 47 595.456200
27 51 7017.965400
27 52 30274.710600
27 53 160487.390500
27 56 32425.640600
27 58 1926.716400
27 59 6157.589400
27 61 22058.158000
27 62 61428.509400
27 63 9801.714200
27 67 27801.920300
27 72 4830.417000
27 73 12570.893400
27 74 31326.441200
27 78 38526.304800
27 79 7357.874500
27 81 19527.998500
27 84 11712.909600
27 86 40444.890000
27 88 27557.918000
27 89 42455.683400
28 2 37434.625600
28 5 36990.630400
28 6 13810.941600
28 7 73461.024000
28 11 66906.424000
28 17 12802.496000
28 27 5113.279800
28 28 132045.287400
28 30 14121.220000
28 32 9230.376600
28 33 52429.554400
28 34 22744.504000
28 35 10265.158100
28 40 373.310000
28 41 68866.346400
28 42 62657.140800
28 43 7663.521000
28 44 2874.756800
28 49 53490.568000
28 51 1630.775700
28 52 7034.982300
28 55 4926.552800
28 56 7534.797300
28 59 55793.456000
28 61 33331.885000
28 62 15573.597600
28 63 70534.692000
28 67 9588.502400
28 70 10451.080100
28 73 2342.253600
28 74 7279.374600
28 78 6025.756700
28 81 70497.368000
28 82 12391.758800
28 83 913.009600
28 89 7105.645800
29 9 26681.470200
29 16 4656.836000
29 29 28371.905000
29 31 40745.325400
29 34 31447.127400
29 41 6812.555100
29 51 17214.384200
29 52 22512.318600
29 53 42696.816500
29 58 12535.610100
29 61 30637.421100
29 62 21683.621800
29 64 33337.855200
29 73 20502.667900
29 75 24548.309300
29 77 7541.714700
29 79 11383.933600
29 80 19661.873400
29 82 10373.567100
29 84 23988.785600
29 88 16679.356500
30 11 12154.987000
30 14 2115.715500
30 15 10714.959500
30 17 2325.848000
30 19 845.209500
30 21 12213.367500
30 25 36246.380100
30 27 57742.773300
30 28 14121.220000
30 30 137729.722100
30 31 2769.303900
30 34 4132.027000
30 35 64583.282200
30 40 20108.876100
30 46 36881.460300
30 49 9717.709000
30 52 38012.985600
30 53 126369.587400
30 57 35425.224500
30 59 10136.078000
30 61 5124.260500
30 62 19349.704500
30 63 22461.300600
30 65 38701.981500
30 67 85495.237900
30 78 26874.519300
30 81 38740.734500
30 83 857.793000
31 4 3852.778800
31 6 59211.381500
31 12 56757.045000
31 13 3189.875100
31 15 61455.291800
31 22 55271.156900
31 23 66873.503900
31 25 6271.703900
31 27 14189.924600
31 29 40745.325400
31 30 2769.303900
31 31 224815.654100
31 34 64167.183600
31 35 47148.997600
31 36 71694.967600
31 37 37468.186900
31 39 3792.508200
31 40 7820.063900
31 41 13900.871400
31 45 2283.212100
31 46 6381.591700
31 47 2949.881100
31 49 61705.584600
31 50 2118.786900
31 51 35125.578800
31 53 94153.655700
31 54 13338.810000
31 55 15628.698300
31 58 35123.565600
31 59 85315.316000
31 61 62514.995400
31 62 15751.368900
31 64 68025.172800
31 67 57405.806700
31 68 3187.158900
31 70 50852.025000
31 72 23929.813500
31 73 104111.268300
31 74 5186.036700
31 75 12787.324600
31 76 28089.139200
31 77 53300.357300
31 78 4650.092700
31 79 23228.670400
31 80 40119.627600
31 82 23865.705300
31 84 111743.674400
31 89 58837.864900
32 7 41383.601400
32 16 23327.577600
32 27 39722.485200
32 28 9230.376600
32 32 147737.922400
32 33 47567.880000
32 34 78160.837000
32 37 27171.985600
32 38 25291.489800
32 42 50784.267000
32 45 55346.994000
32 51 24903.379800
32 52 74056.413600
32 53 23850.410400
32 56 58534.030200
32 61 57767.919200
32 62 60815.515800
32 65 31550.590800
32 69 12706.493800
32 74 89479.311000
32 75 433.402600
32 81 27801.244800
32 89 55200.169200
33 2 39032.241400
33 5 38569.297600
33 6 14400.357900
33 7 76596.156000
33 10 21372.393900
33 11 945.347800
33 23 12395.026400
33 25 1563.833700
33 26 5812.646400
33 28 52429.554400
33 32 47567.880000
33 33 129872.671800
33 34 29985.260000
33 36 17099.289600
33 37 35233.017400
33 38 7223.712400
33 40 1734.497600
33 41 71805.389100
33 42 65331.190200
33 44 2997.444200
33 45 61017.050000
33 50 17767.119200
33 51 13488.100000
33 53 26293.780000
33 55 5136.805700
33 59 16300.363200
33 61 1552.349800
33 63 77014.046000
33 64 455.640200
33 65 34782.810000
33 66 6942.271600
33 67 20549.644000
33 70 9797.008000
33 73 780.896000
33 74 13195.464600
33 75 1809.112800
33 76 27136.828300
33 79 7181.696800
33 81 30649.360000
33 86 314.974000
33 89 11418.057600
34 7 64133.856300
34 11 19577.568400
34 16 36151.699200
34 17 3746.153600
34 18 2237.322600
34 20 3456.958400
34 21 6370.579400
34 22 39104.503200
34 26 3763.637200
34 28 22744.504000
34 29 31447.127400
34 30 4132.027000
34 31 64167.183600
34 32 78160.837000
34 33 29985.260000
34 34 183059.321000
34 35 685.272000
34 37 42109.535200
34 38 39195.254100
34 40 11471.863200
34 41 16117.018200
34 42 78702.451500
34 43 456.665800
34 45 34888.963000
34 47 21636.504000
34 49 15651.938800
34 51 34822.188800
34 52 30073.020300
34 53 82274.991800
34 55 6855.737800
34 58 19741.523400
34 59 23114.086200
34 61 84318.695400
34 63 25035.997500
34 64 52501.636800
34 65 19888.476600
34 69 19691.772100
34 73 32288.328600
34 74 51032.237700
34 75 671.661700
34 77 44658.644800
34 79 17927.822400
34 80 30964.215600
34 81 38153.328400
34 82 16336.661400
34 84 47219.255400
34 85 4062.861600
34 87 11656.080800
35 0 6162.571200
35 6 49387.992000
35 7 16749.947200
35 11 22090.796800
35 14 2347.389000
35 15 23134.755000
35 17 385.728000
35 19 937.761000
35 22 18147.344000
35 25 64384.527200
35 27 49279.644800
35 28 10265.158100
35 30 64583.282200
35 31 47148.997600
35 34 685.272000
35 35 250833.573000
35 36 105586.771100
35 40 1039.990000
35 41 27574.213600
35 42 6041.735000
35 43 26090.518000
35 44 1990.050400
35 46 65512.621600
35 47 2460.484800
35 48 44138.752400
35 49 6948.072000
35 52 12519.408000
35 53 72186.805600
35 55 14997.642400
35 56 9525.425000
35 57 39304.331000
35 58 7961.385600
35 59 27124.785600
35 61 849.828000
35 62 55947.745100
35 65 42939.897000
35 66 10831.279800
35 67 24170.740000
35 69 73741.987300
35 70 29115.262900
35 71 138.012000
35 72 19959.768000
35 73 64469.200000
35 74 76709.316400
35 77 7869.281000
35 78 64524.193900
35 81 15851.694400
35 82 34521.725200
35 83 2543.518400
35 84 48398.918400
35 89 50103.538400
36 10 17757.854400
36 11 785.468800
36 15 40108.453400
36 17 9703.241100
36 18 17100.690200
36 22 71155.506800
36 23 82496.376500
36 25 1299.355200
36 26 7508.160000
36 31 71694.967600
36 33 17099.289600
36 35 105586.771100
36 36 253873.880700
36 37 87834.863900
36 40 12970.064400
36 41 15689.037000
36 42 21546.683500
36 43 16907.894900
36 46 11876.509400
36 48 70996.677600
36 49 84663.981600
36 51 10955.214100
36 53 4084.964800
36 55 21443.566800
36 56 33970.592500
36 59 54040.598800
36 62 17018.106400
36 63 2882.408000
36 66 36801.344700
36 67 115857.893900
36 69 78449.891700
36 71 14349.846800
36 73 21397.173200
36 74 72731.068400
36 75 19881.841600
36 76 61087.480000
36 77 80081.468100
36 84 5517.688200
36 86 406.850000
37 5 773.862000
37 7 34194.986400
37 10 38333.466600
37 11 1695.573200
37 16 19275.417600
37 17 17250.804900
37 18 30402.281800
37 19 29023.505800
37 22 37804.866500
37 23 131196.944500
37 25 2804.887800
37 31 37468.186900
37 32 27171.985600
37 33 35233.017400
37 34 42109.535200
37 36 87834.863900
37 37 330376.837800
37 38 90661.325000
37 39 46875.731200
37 40 19993.722100
37 42 41962.692000
37 48 9719.891000
37 49 44245.865400
37 50 49299.866600
37 51 52391.311500
37 52 16034.378400
37 55 12003.356100
37 57 76125.018000
37 59 17238.414700
37 60 1742.189400
37 61 14831.163200
37 62 8893.756600
37 63 6222.187000
37 67 110447.911600
37 69 10499.288800
37 70 1443.370800
37 72 55661.970600
37 73 3794.080000
37 74 84169.749000
37 75 9527.243000
37 76 69769.554200
37 77 28051.053500
37 79 34893.164000
37 84 9809.563800
37 88 69173.398800
37 89 86516.610600
38 7 31828.448700
38 16 17941.420800
38 23 49711.532600
38 32 25291.489800
38 33 7223.712400
38 34 39195.254100
38 37 90661.325000
38 38 90583.979600
38 42 39058.573500
38 44 38087.590500
38 50 27814.506000
38 52 14924.684700
38 53 53033.548500
38 56 51171.283500
38 58 31798.602000
38 61 13804.740600
38 69 9772.662900
38 72 20827.064300
38 73 3131.864000
38 74 71226.888000
38 75 333.333300
38 76 357.614600
38 79 28802.936200
38 81 17600.967000
38 88 25882.641400
38 89 45793.298400
39 5 3538.567000
39 19 18642.592300
39 22 2828.636800
39 31 3792.508200
39 37 46875.731200
39 39 120049.693500
39 40 9240.753500
39 45 51921.807700
39 51 21142.012600
39 55 3643.587900
39 57 48897.183000
39 60 7966.347900
39 65 56834.240200
39 70 6599.967800
39 72 57521.179600
39 74 83117.497300
39 75 1713.713900
39 76 12155.919700
39 77 3962.530000
39 82 34708.921200
39 84 70746.050400
39 89 19938.203100
40 1 35885.798300
40 3 927.147100
40 11 1070.650900
40 17 37987.706900
40 19 5742.060500
40 20 1914.634200
40 21 39263.765200
40 22 29419.226800
40 23 6577.214600
40 26 2695.334400
40 28 373.310000
40 30 20108.876100
40 31 7820.063900
40 33 1734.497600
40 34 11471.863200
40 35 1039.990000
40 36 12970.064400
40 37 19993.722100
40 39 9240.753500
40 40 87174.646200
40 41 2984.342400
40 43 2670.278100
40 44 1574.462400
40 47 47017.761800
40 49 9234.647400
40 50 1960.280700
40 51 6511.901000
40 52 74516.254400
40 54 1084.219500
40 55 2338.937700
40 57 15060.705000
40 59 11156.372900
40 62 2872.844600
40 66 5720.004200
40 67 8591.157300
40 69 45.994200
40 70 1371.790000
40 71 2823.708300
40 73 307.440000
40 75 2752.596200
40 76 4203.724800
40 77 25747.690000
40 78 790.930000
40 79 11070.896100
40 81 98340.973500
40 82 1626.520000
40 83 2511.217000
40 85 2250.213300
40 86 2383.977800
40 87 6455.712900
40 89 6141.118500
41 0 23234.305800
41 2 51268.943400
41 5 50660.865600
41 6 18914.904900
41 7 163760.375800
41 8 11501.036300
41 10 8897.476700
41 11 75687.218200
41 12 28877.914300
41 20 899.308800
41 22 78592.468400
41 28 68866.346400
41 29 6812.555100
41 31 13900.871400
41 33 71805.389100
41 34 16117.018200
41 35 27574.213600
41 36 15689.037000
41 40 2984.342400
41 41 322142.633700
41 42 85812.676200
41 44 11440.096300
41 46 29363.275500
41 47 3531.715200
41 48 45918.892500
41 49 32961.085400
41 51 20802.559400
41 52 58958.882400
41 53 24666.247500
41 55 63291.755800
41 58 4276.709100
41 61 10452.410100
41 63 96601.450500
41 64 11373.703200
41 66 11410.797700
41 67 13132.023600
41 71 34261.422000
41 73 6994.788900
41 74 138637.187100
41 77 10769.706900
41 78 16119.679700
41 79 3883.797600
41 80 6707.939400
41 81 51756.463600
41 82 8388.145900
41 84 8184.129600
41 85 1056.931200
41 87 3032.265600
41 89 3872.384300
42 2 46646.374800
42 5 46093.123200
42 6 17209.477800
42 7 155448.202500
42 15 49366.349000
42 16 122572.018500
42 28 62657.140800
42 32 50784.267000
42 33 65331.190200
42 34 78702.451500
42 35 6041.735000
42 36 21546.683500
42 37 41962.692000
42 38 39058.573500
42 41 85812.676200
42 42 294861.595500
42 43 20810.601500
42 44 3582.164400
42 48 40202.683200
42 52 93359.384000
42 55 6138.857400
42 56 60573.850900
42 61 27719.349000
42 63 144652.797000
42 66 34258.754500
42 67 11947.999200
42 69 19623.103500
42 70 29096.476500
42 71 605.802000
42 73 26336.102000
42 74 50854.279500
42 75 4296.940000
42 76 1937.790000
42 77 34542.113500
42 78 90708.635500
42 79 33729.923500
42 81 31386.015500
43 15 38738.260600
43 18 1495.257300
43 21 4257.613700
43 26 2515.330600
43 28 7663.521000
43 34 456.665800
43 35 26090.518000
43 36 16907.894900
43 40 2670.278100
43 42 20810.601500
43 43 65943.560000
43 44 26899.857600
43 47 5387.049200
43 50 33491.604300
43 51 4314.208500
43 54 18524.005500
43 55 5603.490100
43 56 32810.082500
43 59 7330.321900
43 62 20869.551000
43 66 69610.651700
43 69 785.815800
43 70 28160.889000
43 71 48718.735500
43 73 26977.502800
43 77 72771.609400
43 78 16236.663000
43 81 26250.632100
43 82 33390.132000
43 83 2460.144000
43 86 38235.166200
44 0 1676.836200
44 2 2140.170800
44 5 2114.787200
44 6 789.583800
44 7 8757.494200
44 11 5462.399800
44 22 4937.894000
44 28 2874.756800
44 33 2997.444200
44 35 1990.050400
44 38 38087.590500
44 40 1574.462400
44 41 11440.096300
44 42 3582.164400
44 43 26899.857600
44 44 79123.244700
44 49 1452.048000
44 50 31682.267200
44 53 69199.701300
44 54 17523.272000
44 55 4362.515300
44 56 74933.631300
44 58 41773.776900
44 63 4032.531000
44 66 41242.702900
44 67 18448.620100
44 69 743.363200
44 70 14125.721100
44 71 45637.076800
44 74 6826.719900
44 77 54036.842300
44 81 51534.027400
44 86 45453.031500
44 89 279.472700
45 31 2283.212100
45 32 55346.994000
45 33 61017.050000
45 34 34888.963000
45 39 51921.807700
45 45 111981.754000
45 51 15693.905000
45 53 30593.789000
45 60 30887.681100
45 65 71541.809500
45 72 31446.262000
45 74 46311.080700
45 75 4780.353200
45 76 6645.521500
45 81 35661.668000
45 82 20895.888600
45 83 22203.336600
45 84 42591.401200
46 25 83526.260300
46 27 52871.880800
46 30 36881.460300
46 31 6381.591700
46 35 65512.621600
46 36 11876.509400
46 41 29363.275500
46 46 112664.009000
46 47 23824.116000
46 48 34760.333500
46 53 101293.517100
46 54 16052.238000
46 57 4803.642000
46 62 44589.513500
46 71 25935.696400
46 74 33342.487600
46 78 61929.717900
47 1 71610.902500
47 3 1850.142500
47 6 3449.896500
47 11 2136.507500
47 17 75805.307500
47 18 26392.532400
47 20 2265.806600
47 21 153502.125600
47 22 25630.404300
47 26 44397.672800
47 27 595.456200
47 31 2949.881100
47 34 21636.504000
47 35 2460.484800
47 40 47017.761800
47 41 3531.715200
47 43 5387.049200
47 46 23824.116000
47 47 302679.517100
47 54 70216.578200
47 55 80873.577200
47 56 4677.206800
47 57 21012.353800
47 58 556.126200
47 59 81855.331100
47 62 24766.295400
47 63 12961.264400
47 65 29103.726400
47 69 40674.772600
47 72 29118.958100
47 73 3628.454700
47 75 32645.858000
47 77 35671.882500
47 79 22092.217500
47 81 48903.842500
47 84 3380.806800
47 85 2662.935900
47 87 7639.786700
47 89 29112.944100
48 3 12492.353100
48 8 58553.074500
48 16 52082.755500
48 17 6539.211000
48 18 11524.502000
48 21 8678.619000
48 23 14958.301000
48 35 44138.752400
48 36 70996.677600
48 37 9719.891000
48 41 45918.892500
48 42 40202.683200
48 46 34760.333500
48 48 221011.467100
48 49 20594.605800
48 51 7382.941000
48 52 38420.003400
48 53 11955.932000
48 55 47639.655900
48 56 36609.256800
48 63 23914.687200
48 65 13225.508700
48 67 19089.543000
48 69 34393.590800
48 71 40558.774000
48 72 32962.755400
48 73 37015.524600
48 74 76217.610000
48 76 3781.080000
48 83 30526.452800
48 84 18403.677000
48 88 25203.327900
49 0 4496.544000
49 3 5275.718200
49 7 12221.664000
49 8 39775.474800
49 10 11641.172200
49 11 60690.338800
49 12 37782.933800
49 16 21995.371000
49 17 8810.211200
49 21 3665.118000
49 22 74482.567800
49 23 51898.664400
49 28 53490.568000
49 30 9717.709000
49 31 61705.584600
49 34 15651.938800
49 35 6948.072000
49 36 84663.981600
49 37 44245.865400
49 40 9234.647400
49 41 32961.085400
49 44 1452.048000
49 48 20594.605800
49 49 151453.633600
49 52 38943.186800
49 55 49517.865600
49 59 81620.462600
49 61 19410.476200
49 62 14646.944400
49 65 5585.341400
49 66 2208.336000
49 67 67790.032200
49 69 27667.546400
49 73 15632.241200
49 74 18306.288000
49 75 15100.443600
49 76 33170.227200
49 77 44769.549000
49 78 21090.470200
49 81 58530.167600
49 84 6201.790000
49 88 10643.763800
49 89 749.424000
50 4 35849.481200
50 13 29681.269900
50 15 27663.578200
50 22 31738.276400
50 23 30026.504700
50 31 2118.786900
50 33 17767.119200
50 37 49299.866600
50 38 27814.506000
50 40 1960.280700
50 43 33491.604300
50 44 31682.267200
50 50 182669.244000
50 54 21817.308500
50 56 44162.963200
50 60 48050.449600
50 61 8521.955800
50 64 2501.334200
50 66 50323.801800
50 68 29655.996100
50 69 925.522600
50 70 53782.768000
50 71 56820.334900
50 72 17147.719900
50 73 1852.328000
50 74 36758.354700
50 76 294.437800
50 77 52782.593600
50 79 46544.298200
50 81 30917.618700
50 82 3337.545700
50 86 87222.362600
50 88 21310.170200
50 89 27084.256800
51 17 13103.199900
51 18 23092.671800
51 19 13137.317800
51 23 29973.280900
51 27 7017.965400
51 28 1630.775700
51 29 17214.384200
51 31 35125.578800
51 32 24903.379800
51 33 13488.100000
51 34 34822.188800
51 36 10955.214100
51 37 52391.311500
51 39 21142.012600
51 40 6511.901000
51 41 20802.559400
51 43 4314.208500
51 45 15693.905000
51 48 7382.941000
51 51 139028.576400
51 52 21960.458700
51 53 43570.811000
51 55 19826.262000
51 56 10341.492900
51 57 34457.538000
51 58 10806.652200
51 59 54212.616000
51 61 33446.791200
51 62 19465.523600
51 64 28739.774400
51 65 8946.321000
51 67 38251.418700
51 73 24441.734300
51 74 9990.925800
51 77 6501.533400
51 79 15533.451700
51 80 16950.034800
51 81 7883.176000
51 82 9954.822800
51 83 6705.502000
51 84 28131.217000
51 86 9836.620000
51 89 23802.810000
52 3 9842.048600
52 7 24420.752100
52 8 46130.797000
52 9 71478.514800
52 13 10295.966200
52 14 741.355200
52 15 5703.377300
52 16 127408.464500
52 19 296.164800
52 21 6837.414000
52 25 38683.148600
52 27 30274.710600
52 28 7034.982300
52 29 22512.318600
52 30 38012.985600
52 32 74056.413600
52 34 30073.020300
52 35 12519.408000
52 37 16034.378400
52 38 14924.684700
52 40 74516.254400
52 41 58958.882400
52 42 93359.384000
52 48 38420.003400
52 49 38943.186800
52 51 21960.458700
52 52 487081.736900
52 55 79324.599700
52 56 67601.604100
52 57 12413.140800
52 59 27217.278000
52 61 40940.032800
52 62 104440.373100
52 63 39438.770400
52 65 23980.991800
52 67 7633.632000
52 68 10461.225500
52 69 58256.005200
52 70 20216.777100
52 73 29162.527600
52 74 62531.672100
52 75 68540.160800
52 78 63026.059700
52 79 23436.182900
52 81 126533.490700
52 82 3996.577200
52 83 3178.672000
52 84 11569.670000
52 88 64539.618400
52 89 42071.112600
53 21 13130.267500
53 24 23517.709200
53 25 92035.607300
53 27 160487.390500
53 29 42696.816500
53 30 126369.587400
53 31 94153.655700
53 32 23850.410400
53 33 26293.780000
53 34 82274.991800
53 35 72186.805600
53 36 4084.964800
53 38 53033.548500
53 41 24666.247500
53 44 69199.701300
53 45 30593.789000
53 46 101293.517100
53 48 11955.932000
53 51 43570.811000
53 53 528670.881700
53 54 24958.558700
53 56 92970.899100
53 58 84577.235700
53 61 65509.141500
53 62 49132.128500
53 63 24147.548600
53 64 71283.228000
53 65 17440.009800
53 67 68492.939900
53 68 49928.945300
53 71 8920.668800
53 73 43838.943500
53 74 11468.259200
53 77 16125.745500
53 78 68238.888900
53 79 35840.660400
53 80 42041.151000
53 81 77865.816200
53 82 22180.831500
53 84 51292.984000
53 86 63210.408000
53 88 43069.649600
54 12 20012.329800
54 15 20620.634400
54 23 8059.521600
54 31 13338.810000
54 40 1084.219500
54 43 18524.005500
54 44 17523.272000
54 46 16052.238000
54 47 70216.578200
54 50 21817.308500
54 53 24958.558700
54 54 94705.028700
54 57 14157.725900
54 59 10849.356000
54 66 27833.793000
54 68 43646.827900
54 69 511.901000
54 70 39256.319400
54 71 31426.986500
54 77 29193.736000
54 81 17100.349500
54 86 24907.389000
55 0 12637.162200
55 2 3667.671800
55 3 12203.846100
55 5 20415.444200
55 6 1353.132300
55 7 41545.340200
55 8 57200.809500
55 11 41166.353800
55 13 4425.670600
55 15 837.687500
55 16 50879.920500
55 18 22447.689300
55 21 72396.010700
55 22 66147.115100
55 23 13144.816200
55 25 16627.761800
55 26 37761.634600
55 28 4926.552800
55 31 15628.698300
55 33 5136.805700
55 34 6855.737800
55 35 14997.642400
55 36 21443.566800
55 37 12003.356100
55 39 3643.587900
55 40 2338.937700
55 41 63291.755800
55 42 6138.857400
55 43 5603.490100
55 44 4362.515300
55 47 80873.577200
55 48 47639.655900
55 49 49517.865600
55 51 19826.262000
55 52 79324.599700
55 55 192795.026300
55 59 88137.276400
55 60 40522.998500
55 62 3709.756200
55 63 6910.663500
55 65 12920.069700
55 66 6206.344300
55 67 18109.195300
55 68 4496.706500
55 70 31318.288200
55 73 36160.662600
55 74 80834.997000
55 75 3824.617800
55 76 8401.305600
55 77 42917.406200
55 80 12498.984800
55 81 28150.392400
55 84 14346.045000
55 88 34317.466500
55 89 2106.193700
56 15 77831.195000
56 27 32425.640600
56 28 7534.797300
56 32 58534.030200
56 35 9525.425000
56 36 33970.592500
56 38 51171.283500
56 42 60573.850900
56 43 32810.082500
56 44 74933.631300
56 47 4677.206800
56 48 36609.256800
56 50 44162.963200
56 51 10341.492900
56 52 67601.604100
56 53 92970.899100
56 56 447072.721700
56 58 56448.312200
56 60 69577.403200
56 61 32504.333000
56 62 104828.524100
56 63 11964.855200
56 65 8787.707200
56 66 54012.497500
56 67 44649.403000
56 69 12281.519800
56 70 35234.057000
56 71 955.110000
56 72 8371.320800
56 73 41521.610000
56 74 46161.836200
56 75 9857.234000
56 76 1764.585000
56 77 83500.119500
56 78 64432.984000
56 79 42729.133600
56 81 53251.417900
56 86 84246.679400
56 89 52815.527200
57 14 2327.463900
57 15 11787.351100
57 19 31313.750100
57 30 35425.224500
57 35 39304.331000
57 37 76125.018000
57 39 48897.183000
57 40 15060.705000
57 46 4803.642000
57 47 21012.353800
57 51 34457.538000
57 52 12413.140800
57 54 14157.725900
57 57 166757.442600
57 65 42575.414700
57 67 23965.574000
57 80 62371.558600
57 83 20276.044400
57 89 46623.026200
58 6 11162.823000
58 27 1926.716400
58 29 12535.610100
58 31 35123.565600
58 34 19741.523400
58 35 7961.385600
58 38 31798.602000
58 41 4276.709100
58 44 41773.776900
58 47 556.126200
58 51 10806.652200
58 53 84577.235700
58 56 56448.312200
58 58 52836.563900
58 59 5750.879400
58 61 19233.215100
58 64 20928.463200
58 67 1542.547700
58 70 1217.266300
58 72 4511.367000
58 73 24611.517300
58 74 3391.483800
58 77 5737.757000
58 79 7146.477600
58 80 12343.109400
58 81 19174.082400
58 82 6512.201100
58 84 25998.679200
58 86 799.991100
58 89 11092.405800
59 6 35675.245500
59 11 48024.797600
59 12 46164.342000
59 15 47567.576000
59 17 9189.510400
59 18 22226.867100
59 21 63289.049900
59 22 23859.917900
59 23 38811.648200
59 26 62720.227000
59 27 6157.589400
59 28 55793.456000
59 30 10136.078000
59 31 85315.316000
59 33 16300.363200
59 34 23114.086200
59 35 27124.785600
59 36 54040.598800
59 37 17238.414700
59 40 11156.372900
59 43 7330.321900
59 47 81855.331100
59 49 81620.462600
59 51 54212.616000
59 52 27217.278000
59 54 10849.356000
59 55 88137.276400
59 58 5750.879400
59 59 316374.615600
59 61 20246.140400
59 62 5706.524200
59 66 30252.685200
59 67 26411.342100
59 69 33147.351600
59 70 41361.390000
59 72 14417.869500
59 73 37521.708900
59 75 13766.871400
59 76 21274.262300
59 77 30091.944400
59 81 50602.343200
59 84 37172.113800
59 86 1372.578000
59 89 35450.199300
60 5 36712.473000
60 22 29346.979200
60 37 1742.189400
60 39 7966.347900
60 45 30887.681100
60 50 48050.449600
60 55 40522.998500
60 56 69577.403200
60 60 253326.584600
60 62 10609.886400
60 66 7968.772800
60 69 2816.405400
60 70 69814.233600
60 74 64251.140100
60 75 11067.315300
60 77 41111.070000
60 79 46490.405800
60 80 21128.642800
60 83 63934.547400
60 86 66468.321200
60 88 16390.737600
61 7 22588.225800
61 11 24278.776600
61 16 12732.787200
61 17 4645.726400
61 27 22058.158000
61 28 33331.885000
61 29 30637.421100
61 30 5124.260500
61 31 62514.995400
61 32 57767.919200
61 33 1552.349800
61 34 84318.695400
61 35 849.828000
61 37 14831.163200
61 38 13804.740600
61 41 10452.410100
61 42 27719.349000
61 49 19410.476200
61 50 8521.955800
61 51 33446.791200
61 52 40940.032800
61 53 65509.141500
61 56 32504.333000
61 58 19233.215100
61 59 20246.140400
61 61 93581.379100
61 62 33771.257000
61 64 51437.554100
61 67 6592.390200
61 69 6935.528600
61 70 6186.856000
61 73 31456.962900
61 74 50481.800300
61 75 236.562200
61 77 11571.149700
61 78 15945.560400
61 79 17466.213600
61 80 30166.943400
61 81 25581.846200
61 82 15916.022100
61 84 36805.665600
61 89 30653.018000
62 9 68847.332400
62 16 12016.232000
62 22 12309.966200
62 23 10432.027600
62 25 43821.704500
62 27 61428.509400
62 28 15573.597600
62 29 21683.621800
62 30 19349.704500
62 31 15751.368900
62 32 60815.515800
62 35 55947.745100
62 36 17018.106400
62 37 8893.756600
62 40 2872.844600
62 43 20869.551000
62 46 44589.513500
62 47 24766.295400
62 49 14646.944400
62 51 19465.523600
62 52 104440.373100
62 53 49132.128500
62 55 3709.756200
62 56 104828.524100
62 59 5706.524200
62 60 10609.886400
62 61 33771.257000
62 62 346588.870300
62 63 25454.955600
62 65 46531.821600
62 66 58984.915200
62 67 13626.313800
62 69 85878.975500
62 70 38378.416700
62 72 44327.012400
62 73 36653.924700
62 74 47961.089800
62 75 118573.428000
62 76 6667.468800
62 77 8999.021000
62 78 86771.198200
62 79 25590.011500
62 80 1718.955000
62 82 33745.642800
62 83 32487.194000
62 86 44009.684000
62 88 43038.453000
62 89 87882.021700
63 2 52510.977000
63 5 51888.168000
63 6 19373.134500
63 7 103046.580000
63 10 5021.659500
63 11 222.119000
63 16 53844.717600
63 21 3440.105000
63 25 367.438500
63 27 9801.714200
63 28 70534.692000
63 30 22461.300600
63 33 77014.046000
63 34 25035.997500
63 36 2882.408000
63 37 6222.187000
63 41 96601.450500
63 42 144652.797000
63 44 4032.531000
63 47 12961.264400
63 48 23914.687200
63 52 39438.770400
63 53 24147.548600
63 55 6910.663500
63 56 11964.855200
63 62 25454.955600
63 63 362101.200800
63 65 24352.097600
63 66 32902.291300
63 67 39018.370600
63 69 34033.993400
63 70 18102.333600
63 72 75159.325600
63 75 29572.841200
63 76 47524.130000
63 78 62825.536800
63 79 20985.026400
63 81 19526.767200
63 82 94390.124300
63 83 48120.614400
63 84 25250.776600
63 89 21491.371800
64 29 33337.855200
64 31 68025.172800
64 33 455.640200
64 34 52501.636800
64 41 11373.703200
64 50 2501.334200
64 51 28739.774400
64 53 71283.228000
64 58 20928.463200
64 61 51437.554100
64 64 85035.025000
64 66 6306.877500
64 70 1815.944000
64 73 34229.632800
64 74 324.498900
64 77 12591.050400
64 79 19005.715200
64 80 42557.497800
64 82 17318.887200
64 84 40049.779200
65 3 3387.977300
65 8 15879.833500
65 14 2542.749300
65 15 12877.655700
65 16 14125.056500
65 19 1015.805700
65 21 2353.677000
65 30 38701.981500
65 32 31550.590800
65 33 34782.810000
65 34 19888.476600
65 35 42939.897000
65 39 56834.240200
65 45 71541.809500
65 47 29103.726400
65 48 13225.508700
65 49 5585.341400
65 51 8946.321000
65 52 23980.991800
65 53 17440.009800
65 55 12920.069700
65 56 8787.707200
65 57 42575.414700
65 62 46531.821600
65 63 24352.097600
65 65 226360.636300
65 67 26182.338000
65 69 76421.250400
65 72 151078.663200
65 73 10038.761800
65 74 5776.470000
65 75 64285.370200
65 76 20919.178600
65 79 1172.625000
65 81 20328.957600
65 84 6121.765000
65 85 2144.115000
65 88 6835.245700
65 89 56053.860800
66 0 2550.203400
66 7 6931.485400
66 11 8307.448600
66 15 63771.561800
66 22 7509.758000
66 26 10787.990400
66 33 6942.271600
66 35 10831.279800
66 36 36801.344700
66 40 5720.004200
66 41 11410.797700
66 42 34258.754500
66 43 69610.651700
66 44 41242.702900
66 49 2208.336000
66 50 50323.801800
66 54 27833.793000
66 55 6206.344300
66 56 54012.497500
66 59 30252.685200
66 60 7968.772800
66 62 58984.915200
66 63 32902.291300
66 64 6306.877500
66 66 202555.125300
66 67 1621.133600
66 69 16838.358000
66 70 7448.887200
66 71 73272.060600
66 73 34021.036400
66 74 58046.981300
66 75 3357.625800
66 76 12968.050500
66 77 111959.849500
66 80 2095.291000
66 81 53018.808400
66 82 29747.597900
66 86 58035.957700
66 89 425.033900
67 2 7138.354400
67 5 7053.689600
67 6 2633.588400
67 7 14008.176000
67 10 15274.287600
67 11 675.615200
67 14 1431.306000
67 15 7248.794000
67 17 33880.007700
67 18 59709.071400
67 19 571.794000
67 21 9757.632500
67 22 56973.863100
67 23 125782.024500
67 25 1117.630800
67 27 27801.920300
67 28 9588.502400
67 30 85495.237900
67 31 57405.806700
67 33 20549.644000
67 35 24170.740000
67 36 115857.893900
67 37 110447.911600
67 40 8591.157300
67 41 13132.023600
67 42 11947.999200
67 44 18448.620100
67 48 19089.543000
67 49 67790.032200
67 51 38251.418700
67 52 7633.632000
67 53 68492.939900
67 55 18109.195300
67 56 44649.403000
67 57 23965.574000
67 58 1542.547700
67 59 26411.342100
67 61 6592.390200
67 62 13626.313800
67 63 39018.370600
67 65 26182.338000
67 66 1621.133600
67 67 367896.524100
67 70 77255.669900
67 71 8667.480600
67 75 14048.212200
67 76 52280.243600
67 77 105326.154400
67 78 30465.955800
67 82 4650.709600
67 84 19265.657400
67 86 50772.660300
68 4 53926.137200
68 13 45755.502900
68 15 41822.281700
68 22 47741.908400
68 23 939.884500
68 25 4162.213000
68 31 3187.158900
68 50 29655.996100
68 52 10461.225500
68 53 49928.945300
68 54 43646.827900
68 55 4496.706500
68 68 133261.018300
68 69 4025.399000
68 80 613.878800
68 82 5020.461700
69 7 15990.674700
69 16 9013.804800
69 32 12706.493800
69 34 19691.772100
69 35 73741.987300
69 36 78449.891700
69 37 10499.288800
69 38 9772.662900
69 40 45.994200
69 42 19623.103500
69 43 785.815800
69 44 743.363200
69 47 40674.772600
69 48 34393.590800
69 49 27667.546400
69 50 925.522600
69 52 58256.005200
69 54 511.901000
69 56 12281.519800
69 59 33147.351600
69 60 2816.405400
69 61 6935.528600
69 62 85878.975500
69 63 34033.993400
69 65 76421.250400
69 66 16838.358000
69 68 4025.399000
69 69 373439.554700
69 70 2632.662100
69 71 1333.179400
69 72 72800.195600
69 74 52947.349300
69 75 85889.730300
69 77 1238.441600
69 80 11688.607000
69 81 725.422200
69 86 1056.608400
69 89 67443.779700
70 5 30415.586000
70 12 76293.724500
70 15 78612.786000
70 16 27601.434900
70 22 24313.414400
70 23 30725.604000
70 28 10451.080100
70 31 50852.025000
70 33 9797.008000
70 35 29115.262900
70 37 1443.370800
70 39 6599.967800
70 40 1371.790000
70 42 29096.476500
70 43 28160.889000
70 44 14125.721100
70 50 53782.768000
70 52 20216.777100
70 54 39256.319400
70 55 31318.288200
70 56 35234.057000
70 58 1217.266300
70 59 41361.390000
70 60 69814.233600
70 61 6186.856000
70 62 38378.416700
70 63 18102.333600
70 64 1815.944000
70 66 7448.887200
70 67 77255.669900
70 69 2632.662100
70 70 431649.173400
70 73 8607.002400
70 74 60208.104200
70 75 1156.923300
70 77 84308.394100
70 78 51071.512600
70 79 10757.171100
70 81 10009.650300
70 82 45535.589200
70 83 3355.006400
70 85 38012.138100
70 86 40066.085700
71 15 1127.680800
71 35 138.012000
71 36 14349.846800
71 40 2823.708300
71 41 34261.422000
71 42 605.802000
71 43 48718.735500
71 44 45637.076800
71 46 25935.696400
71 48 40558.774000
71 50 56820.334900
71 53 8920.668800
71 54 31426.986500
71 56 955.110000
71 66 73272.060600
71 67 8667.480600
71 69 1333.179400
71 71 118963.941400
71 73 601.598400
71 74 38904.414400
71 77 76820.327600
71 81 44535.630300
71 82 9407.902800
71 83 4509.697800
71 86 64868.046600
71 89 632.998800
72 6 27986.002500
72 27 4830.417000
72 31 23929.813500
72 35 19959.768000
72 37 55661.970600
72 38 20827.064300
72 39 57521.179600
72 45 31446.262000
72 47 29118.958100
72 48 32962.755400
72 50 17147.719900
72 56 8371.320800
72 58 4511.367000
72 59 14417.869500
72 62 44327.012400
72 63 75159.325600
72 65 151078.663200
72 69 72800.195600
72 72 283416.215900
72 73 50724.475900
72 75 61414.731600
72 76 21746.234600
72 83 66326.940800
72 84 27425.538000
72 88 41559.036200
72 89 73780.442700
73 3 9482.263400
73 6 72832.025500
73 8 44444.443000
73 15 49023.800800
